4
1
2
2
7
11
5
2
3
6
8
7
5
3
5
5
1
5
2
3
6
7
5
3
5
5
1
5
2
3
6
7
5
3
10
2
3
3
2
3
8
7
5
4
3
8
3
10
7
5
2
4
3
6
3
3
3
4
3
5
5
1
5
2
3
6
3
5
5
3
5
5
3
3
5
13
3
3
8
3
1
4
3
3
2
3
9
10
2
3
13
3
2
3
7
6
3
2
3
6
4
1
5
10
6
3
8
4
2
1
8
2
7
6
3
7
5
2
2
7
13
6
4
5
6
5
3
9
4
5
3
2
9
9
4
4
5
5
7
7
3
1
6
4
4
4
6
3
2
6
3
1
7
5
3
4
4
2
3
6
2
2
4
7
3
6
4
2
3
4
4
9
4
9
3
4
7
3
4
2
5
4
7
9
4
3
9
2
5
5
6
2
5
5
2
3
7
2
3
5
2
4
1
3
5
5
6
2
5
4
4
7
3
2
3
7
8
4
2
3
6
4
4
3
4
2
4
4
9
4
3
4
4
7
7
4
4
12
2
3
7
4
4
1
3
4
1
3
7
2
6
4
4
3
5
2
3
5
5
3
4
4
4
4
3
5
3
4
1
3
4
3
4
2
3
6
4
4
4
3
6
